Latitude: 31.664350422322, Longitude: 74.872551765033
Latitude: 31.664351989549, Longitude: 74.872553723125
Latitude: 31.664350422322, Longitude: 74.872551765033
